@1 EntityFM
position=383.000000,214.000000
inTask_0=4,0
inValue_0=440.000000
inTask_1=3,0
inValue_1=0.000000
inTask_2=0,0
inValue_2=1.000000
@2 EntityAudioOut
position=573.000000,400.000000
inTask_0=1,0
inValue_0=-0.576966
inTask_1=0,0
inValue_1=0.180802
@3 EntityFM
position=607.000000,95.000000
inTask_0=4,0
inValue_0=440.000000
inTask_1=0,0
inValue_1=0.000000
inTask_2=0,0
inValue_2=0.000000
@4 EntityValuePicker
position=118.000000,80.000000
value=611.512921
