@1 EntityBuffer
position=76.000000,205.000000
inTask_0=2,0
inValue_0=1.130400
@2 EntityAudioIn
position=51.000000,49.000000
