@1 EntityAudioOut
position=433.000000,596.000000
inTask_0=0,0
inValue_0=0.000000
inTask_1=0,0
inValue_1=0.000000
@2 EntityFM
position=297.000000,242.000000
inTask_0=0,0
inValue_0=440.000000
inTask_1=0,0
inValue_1=0.000000
inTask_2=0,0
inValue_2=0.000000
@3 EntityFM
position=411.000000,121.000000
inTask_0=0,0
inValue_0=440.000000
inTask_1=0,0
inValue_1=0.000000
inTask_2=0,0
inValue_2=0.000000
@4 EntityValuePicker
position=76.000000,95.000000
